-0.004428
-0.003287
0.003756
-0.001031
0.016660
0.020555
0.033236
0.054274
0.075611
0.072592
0.064425
0.098822
0.071613
0.041368
0.051512
0.076862
0.061490
0.077886
0.128084
0.122081
0.086495
0.101636
0.092313
0.101488
0.125756
0.146315
0.128905
0.157955
0.148307
0.169715
0.204360
0.184264
0.178032
0.148047
0.120989
0.120865
0.170492
0.189786
0.209588
0.233344
0.225976
0.237024
0.194057
0.190163
0.163679
0.146518
0.153755
0.197195
0.203531
0.224960
0.265043
0.216922
0.184551
0.199315
0.198439
0.172833
0.232124
0.237278
0.232259
0.252320
0.275921
0.225735
0.234850
0.283492
0.307259
0.320302
0.341000
0.391338
0.363442
0.368954
0.332802
0.333266
0.286882
0.310032
0.265931
0.278290
0.264565
0.299156
0.282908
0.285653
0.319209
0.352332
0.334661
0.357515
0.403630
0.410280
0.404001
0.437915
0.429550
0.426197
0.412589
0.436210
0.440083
0.455881
0.463639
0.442435
0.446209
0.430367
0.393582
0.370217
0.386092
0.375690
0.403495
0.411963
0.444573
0.472409
0.493994
0.496336
0.547949
0.539257
0.506184
0.512678
0.477517
0.473933
0.465416
0.474876
0.447737
0.456731
0.432116
0.426885
0.447022
0.475587
0.467879
0.499123
0.512951
0.530934
0.522733
0.532959
0.510980
0.536849
0.502004
0.530420
0.560330
0.594488
0.599590
0.612008
0.598533
0.592702
0.551488
0.559476
0.601141
0.592916
0.590463
0.645121
0.621484
0.594449
0.589112
0.618710
0.605819
0.610114
0.606119
0.599612
0.590099
0.558019
0.567421
0.576271
0.600627
0.615790
0.661141
0.667667
0.670589
0.686610
0.656797
0.642714
0.612526
0.620732
0.630590
0.633861
0.633523
0.640286
0.639533
0.606024
0.605149
0.637783
0.688454
0.733137
0.754797
0.768780
0.751462
0.753457
0.733408
0.732660
0.721312
0.714652
0.691154
0.694400
0.692881
0.721737
0.740991
0.757883
0.768599
0.777237
0.766250
0.770220
0.778413
0.782753
0.790412
0.815846
0.790344
0.749898
0.712583
0.734402
0.736681
0.733034
0.739920
0.752313
0.737565
0.759009
0.765917
0.777681
0.796701
0.796146
0.742460
0.755295
0.798181
0.807428
0.815632
0.819582
0.835695
0.830773
0.814611
0.844563
0.859485
0.871127
0.876086
0.887667
0.871083
0.876074
0.856429
0.840516
0.835440
0.797660
0.794379
0.810424
0.807194
0.821496
0.857022
0.859044
0.847959
0.829083
0.821883
0.850009
0.846652
0.849171
0.873166
0.878271
0.877939
0.907777
0.921574
0.931942
0.945475
0.948324
0.972180
0.950149
0.966009
0.947095
0.940333
0.920083
0.939024
0.924920
0.914929
0.909669
0.924378
0.898587
0.883716
0.894621
0.878125
0.856548
0.897841
0.885857
0.882010
0.911388
0.947122
0.952603
0.949891
0.989851
0.996374
0.940470
0.919724
0.975239
0.951208
0.897926
0.950384
0.957215
0.930266
0.950294
0.995907
0.987907
1.003776
1.024684
1.032434
1.029136
1.019094
1.025735
1.000106
0.961179
0.968453
0.956080
0.943097
0.975936
0.988448
0.998700
0.995183
0.974715
0.944250
0.982878
0.985790
1.019129
1.016542
1.041900
1.027726
0.969788
0.959559
0.989459
0.990295
0.985560
1.007076
0.988557
0.959830
0.956888
0.961262
0.982245
1.018673
1.014041
0.982465
0.986318
0.985168
0.962461
1.011960
1.058915
1.061659
1.022941
0.994689
0.947956
0.941787
0.923386
0.951166
0.955169
0.990893
0.955027
0.946636
0.942789
0.989989
0.949553
0.962738
0.956075
0.966422
0.922763
0.957956
0.956453
1.003759
1.020105
1.055481
1.027577
1.013520
0.964009
0.939359
0.900209
0.926401
0.943518
0.974854
0.983744
0.992000
0.971080
0.946465
0.934593
0.953819
0.982570
1.014532
1.059036
1.072048
1.042100
1.014637
0.980370
0.935362
0.942496
0.952895
0.983672
1.004179
1.041367
1.012898
1.018499
1.015862
1.014422
1.017204
1.012608
0.974898
0.983096
0.954686
0.968937
0.975443
0.997808
0.965380
0.972560
0.926435
0.945489
0.930774
0.957451
1.000353
1.024891
1.042189
1.033987
0.996241
0.971992
0.974968
0.916866
0.927150
0.917585
0.944775
0.939038
0.937509
0.970872
1.012849
0.993909
0.997013
1.002214
0.988403
0.974862
0.975658
0.939211
0.989284
1.001733
1.028155
1.029738
1.033360
0.987745
0.940822
0.923056
0.913413
0.936016
0.934421
0.958306
0.920092
0.897141
0.868141
0.861227
0.863672
0.912808
0.914732
0.949631
0.977895
0.948128
0.900812
0.888469
0.872992
0.875871
0.909875
0.916813
0.950486
0.979246
0.960275
0.941616
0.943831
0.954540
0.902129
0.920454
0.947711
0.959101
0.919153
0.945991
0.901611
0.851355
0.824793
0.853663
0.868390
0.869489
0.916000
0.954224
0.930006
0.875938
0.887790
0.836547
0.841655
0.825625
0.873652
0.894056
0.906631
0.905165
0.934587
0.884878
0.853452
0.837951
0.831138
0.839847
0.833704
0.827192
0.875033
0.859872
0.805894
0.807112
0.833541
0.815693
0.781947
0.825971
0.876737
0.865452
0.880045
0.899429
0.887699
0.850381
0.825622
0.767055
0.763621
0.728342
0.728304
0.731462
0.757505
0.769892
0.770263
0.756497
0.796370
0.784144
0.749974
0.736560
0.734018
0.733060
0.742935
0.738844
0.789355
0.802287
0.746367
0.710261
0.748558
0.702519
0.677150
0.719811
0.722998
0.688692
0.684227
0.682916
0.682262
0.712755
0.707882
0.747111
0.764055
0.754496
0.760719
0.781915
0.739365
0.713545
0.721879
0.722960
0.725485
0.765780
0.774177
0.731303
0.691958
0.647939
0.627515
0.646024
0.646811
0.666945
0.667450
0.655350
0.667345
0.692062
0.671610
0.687363
0.655254
0.606271
0.572193
0.576017
0.543137
0.565066
0.602656
0.616043
0.584771
0.589047
0.602845
0.577877
0.583154
0.587679
0.598790
0.609850
0.578787
0.569235
0.606985
0.576901
0.540175
0.547021
0.512373
0.500662
0.501059
0.489191
0.517235
0.506659
0.466986
0.489709
0.472289
0.458995
0.500412
0.491678
0.480587
0.510288
0.480397
0.437604
0.479991
0.459908
0.432880
0.443123
0.488368
0.486803
0.485441
0.488741
0.493237
0.470462
0.460547
0.502152
0.505557
0.524464
0.514582
0.477986
0.425312
0.420243
0.418433
0.394802
0.386486
0.433338
0.443943
0.402780
0.393983
0.413872
0.404446
0.383246
0.390195
0.385746
0.394558
0.373348
0.365082
0.333119
0.359114
0.315616
0.304040
0.293797
0.338935
0.327393
0.319557
0.338619
0.348372
0.306366
0.287672
0.321097
0.293003
0.304786
0.296718
0.320066
0.297350
0.309735
0.284587
0.297400
0.280865
0.280591
0.273678
0.291225
0.264982
0.250136
0.267150
0.277284
0.272944
0.304671
0.289705
0.263868
0.219471
0.218746
0.183498
0.172779
0.191947
0.196351
0.192527
0.189426
0.240997
0.202438
0.215541
0.203200
0.224067
0.220280
0.249952
0.254215
0.258204
0.240931
0.230095
0.183834
0.181942
0.131876
0.117967
0.076758
0.069309
0.027739
0.025856
0.051003
0.080215
0.099617
0.097371
0.128028
0.119219
0.082504
0.068405
0.084795
0.071245
0.052268
0.048884
0.082128
0.056904
0.050096
0.028101
0.015286
-0.019616
0.013100
-0.000561
0.021429
0.010871
0.027976
-0.018911
0.005560
-0.007998
0.030145
-0.004062
0.039517
0.040094
0.028694
0.030595
0.035055
0.028578
0.010345
0.034758
0.006091
0.018833
-0.032986
-0.074269
-0.102158
-0.130820
-0.155748
-0.147138
-0.098874
-0.093233
-0.040592
-0.062893
-0.070509
-0.096435
-0.127691
-0.164996
-0.114928
-0.084076
-0.069599
-0.043621
-0.054870
-0.075945
-0.095166
-0.138789
-0.146225
-0.142307
-0.157154
-0.171234
-0.140182
-0.142284
-0.150457
-0.127117
-0.157648
-0.200172
-0.218117
-0.239917
-0.264342
-0.234638
-0.213147
-0.208171
-0.171626
-0.176088
-0.199086
-0.198564
-0.198233
-0.231370
-0.217736
-0.225969
-0.269291
-0.262384
-0.267122
-0.280999
-0.262603
-0.231216
-0.264842
-0.255813
-0.294319
-0.285345
-0.288250
-0.255374
-0.278905
-0.242421
-0.280982
-0.279809
-0.304422
-0.298048
-0.326153
-0.323187
-0.320871
-0.305918
-0.278442
-0.292406
-0.272130
-0.276642
-0.327673
-0.345241
-0.323608
-0.331934
-0.360354
-0.330642
-0.322807
-0.350850
-0.359724
-0.366420
-0.362918
-0.391967
-0.378650
-0.371952
-0.395300
-0.436764
-0.452618
-0.467106
-0.464458
-0.431808
-0.415816
-0.409131
-0.431156
-0.439612
-0.443035
-0.460373
-0.469450
-0.436841
-0.453615
-0.477846
-0.481608
-0.496665
-0.490297
-0.524838
-0.508214
-0.524563
-0.505075
-0.507979
-0.499653
-0.519058
-0.493185
-0.523476
-0.524120
-0.540904
-0.527948
-0.502977
-0.481281
-0.490640
-0.484832
-0.522091
-0.558954
-0.540287
-0.576297
-0.568976
-0.522716
-0.526373
-0.559459
-0.569414
-0.569356
-0.581093
-0.566799
-0.573533
-0.551927
-0.552077
-0.583729
-0.593328
-0.605448
-0.631308
-0.648038
-0.653608
-0.678211
-0.665334
-0.634851
-0.649174
-0.631953
-0.606781
-0.629902
-0.667742
-0.640927
-0.632056
-0.676823
-0.676477
-0.692388
-0.696316
-0.719893
-0.686976
-0.685746
-0.658978
-0.665434
-0.687764
-0.730033
-0.705424
-0.707622
-0.710716
-0.717667
-0.717087
-0.732394
-0.713005
-0.743276
-0.720055
-0.681242
-0.693987
-0.719076
-0.725487
-0.727605
-0.735734
-0.750031
-0.763308
-0.738235
-0.743898
-0.773044
-0.773594
-0.764562
-0.746334
-0.764114
-0.722217
-0.730784
-0.748339
-0.781341
-0.776663
-0.787639
-0.768022
-0.792757
-0.818337
-0.812405
-0.844314
-0.839289
-0.801238
-0.758063
-0.736055
-0.726756
-0.740941
-0.774704
-0.770140
-0.779020
-0.789698
-0.762274
-0.727267
-0.767936
-0.789086
-0.776984
-0.800203
-0.794774
-0.806426
-0.835673
-0.861806
-0.844008
-0.895173
-0.886922
-0.884779
-0.854885
-0.907616
-0.883687
-0.876010
-0.842651
-0.864756
-0.836810
-0.848248
-0.849736
-0.878249
-0.857493
-0.853844
-0.820531
-0.842264
-0.821177
-0.820348
-0.838893
-0.876108
-0.830680
-0.844164
-0.876015
-0.860361
-0.877889
-0.913286
-0.906575
-0.900018
-0.901457
-0.859536
-0.830896
-0.840481
-0.847256
-0.868849
-0.915466
-0.918008
-0.938348
-0.950480
-0.966726
-0.955154
-0.983856
-0.989323
-1.009270
-0.985798
-0.990532
-0.996938
-0.990604
-0.932510
-0.959554
-0.940678
-0.952928
-0.937748
-0.992736
-0.950788
-0.949327
-0.921855
-0.921134
-0.916289
-0.935058
-0.953464
-0.972878
-0.983371
-0.941455
-0.969076
-0.992044
-0.979509
-0.957689
-0.976488
-0.965768
-0.941044
-0.975146
-0.995580
-0.987132
-0.969339
-0.941958
-0.917561
-0.903685
-0.930125
-0.910305
-0.931237
-0.956181
-0.989009
-1.000828
-1.002318
-1.015590
-1.009712
-1.012397
-0.971101
-0.976047
-0.950939
-0.904417
-0.895365
-0.942348
-0.948489
-0.948999
-0.967205
-0.983483
-0.943598
-0.954422
-0.992910
-1.032587
-1.006541
-1.042916
-1.051744
-1.032738
-1.023211
-1.016165
-0.972592
-0.994996
-0.990559
-0.965554
-0.978010
-0.987662
-0.967486
-0.983796
-0.996084
-1.019371
-1.014301
-1.043963
-1.009949
-1.008146
-0.998240
-1.044592
-0.995503
-1.018860
-1.000042
-0.966991
-0.930901
-0.941927
-0.973548
-0.990318
-0.991735
-1.000872
-1.003818
-0.970391
-0.977292
-0.993594
-1.000629
-0.994240
-0.978702
-0.952061
-0.940352
-0.953462
-0.971985
-0.976769
-0.977177
-0.994972
-0.989136
-0.994269
-1.004009
-1.020729
-0.996722
-0.979419
-0.945017
-0.975613
-0.965709
-0.984636
-1.003604
-0.998256
-0.948670
-0.929819
-0.938329
-0.907574
-0.950968
-0.980345
-0.988453
-0.953702
-0.979104
-0.933771
-0.907888
-0.909471
-0.957113
-0.934444
-0.941235
-0.968367
-0.992214
-0.971108
-0.983022
-0.976362
-0.980783
-0.963289
-0.946103
-0.953585
-0.980741
-0.969479
-0.977864
-0.979373
-0.982281
-0.988313
-0.987754
-0.971538
-0.954834
-0.955693
-0.936472
-0.953963
-0.955831
-0.954679
-0.961272
-0.984976
-0.962952
-0.973672
-1.002463
-0.967038
-0.945111
-0.917659
-0.887165
-0.886708
-0.878766
-0.902978
-0.897498
-0.910750
-0.915823
-0.928861
-0.883718
-0.917444
-0.902297
-0.888496
-0.860643
-0.884353
-0.861991
-0.881929
-0.854380
-0.854272
-0.856887
-0.863221
-0.839962
-0.877131
-0.909084
-0.884954
-0.880776
-0.893585
-0.901980
-0.882410
-0.904897
-0.907183
-0.942676
-0.931545
-0.927486
-0.931802
-0.922448
-0.910468
-0.919232
-0.901922
-0.884257
-0.916619
-0.898454
-0.846098
-0.876742
-0.853783
-0.838333
-0.810438
-0.848397
-0.851594
-0.872282
-0.834812
-0.830284
-0.807164
-0.802169
-0.809893
-0.828194
-0.828591
-0.833860
-0.809910
-0.778226
-0.772066
-0.778907
-0.797426
-0.791843
-0.801264
-0.814441
-0.822408
-0.806952
-0.839084
-0.857075
-0.849995
-0.860418
-0.850647
-0.804139
-0.796236
-0.770380
-0.738068
-0.747333
-0.797549
-0.767828
-0.773243
-0.767028
-0.770171
-0.737542
-0.729731
-0.728794
-0.743576
-0.747496
-0.761436
-0.804479
-0.781706
-0.787204
-0.787662
-0.760327
-0.733172
-0.784999
-0.791675
-0.744140
-0.754996
-0.736434
-0.722345
-0.713072
-0.721750
-0.702326
-0.737824
-0.711041
-0.717470
-0.707826
-0.691103
-0.637301
-0.661709
-0.633809
-0.653300
-0.682278
-0.694958
-0.654306
-0.658219
-0.620277
-0.611010
-0.647836
-0.649354
-0.624869
-0.639037
-0.628321
-0.575219
-0.612225
-0.636035
-0.627338
-0.620610
-0.629266
-0.617367
-0.597313
-0.597231
-0.635279
-0.636328
-0.590476
-0.623151
-0.601429
-0.565513
-0.572685
-0.614109
-0.600302
-0.636928
-0.646630
-0.633303
-0.623162
-0.587761
-0.552082
-0.532710
-0.529235
-0.486379
-0.490176
-0.483286
-0.495445
-0.466821
-0.467731
-0.498190
-0.487625
-0.470207
-0.511220
-0.541314
-0.513163
-0.540929
-0.515145
-0.522941
-0.498827
-0.524052
-0.542238
-0.584518
-0.548317
-0.557376
-0.546496
-0.535968
-0.505760
-0.478938
-0.493473
-0.479034
-0.451613
-0.478933
-0.504635
-0.478980
-0.444659
-0.462936
-0.415176
-0.421074
-0.411849
-0.446303
-0.415536
-0.421999
-0.415598
-0.412951
-0.403652
-0.380162
-0.368321
-0.351520
-0.333649
-0.316171
-0.366942
-0.378748
-0.405425
-0.402680
-0.411930
-0.388305
-0.388013
-0.370117
-0.379563
-0.353878
-0.364898
-0.353845
-0.327018
-0.339594
-0.358278
-0.327090
-0.308424
-0.340004
-0.307180
-0.296403
-0.298577
-0.305273
-0.280918
-0.318645
-0.298921
-0.307713
-0.310773
-0.322078
-0.283535
-0.269173
-0.270369
-0.280893
-0.238043
-0.223744
-0.242064
-0.189873
-0.142661
-0.168984
-0.185180
-0.189205
-0.220015
-0.224285
-0.234218
-0.239831
-0.225558
-0.219925
-0.234363
-0.178081
-0.177200
-0.173859
-0.182934
-0.204196
-0.214906
-0.164133
-0.145665
-0.142089
-0.087326
-0.098261
-0.126302
-0.149870
-0.142321
-0.148134
-0.126624
-0.118408
-0.128329
-0.124094
-0.150146
-0.134991
-0.126698
-0.068019
-0.063572
-0.031220
-0.075828
-0.081253
-0.113971
-0.101901
-0.092923
-0.039854
-0.050432
-0.034410
-0.031257
-0.019923
-0.039902
-0.016871
0.012649
0.037936
-0.000196
0.024214
0.030959
0.007318
152493474868420741177206994267799552.000000
152493474868420741177206994267799552.000000
